#Camera Information
dimensions:
  length: 0.111
  width: 0.047
  height: 0.0311

#obtained after calibration procedure, with respect to base link
translation: 
  x: 0.227914738439774
  y: 0.24370068854790158
  z: 1.032090843051144
rotation: 
  x: 0.999374671171996
  y: 0.029365135999263985
  z: 0.005007866396294991
  w: 0.019049322344024847
