#Camera Information
dimensions:
  length: 0.111
  width: 0.047
  height: 0.0311

#obtained after calibration procedure, with respect to base link
translation: 
  x: -0.09500018762679441
  y: 0.3137046477408355
  z: 0.9257356625887365
rotation: 
  x: 0.9996763940860504
  y: 0.0006070983223956279
  z: 0.01794685946078038
  w: 0.018018012493992222
