#Camera Information
dimensions:
  length: 0.111
  width: 0.047
  height: 0.0311

#obtained after calibration procedure, with respect to base link
translation: 
  x: -0.07177551263237397
  y: 0.2991587094970601
  z: 0.9519417771702147
rotation: 
  x: -0.019871962425688276
  y: 0.9995638134627904
  z: -0.020178738427154286
  w: 0.008372958889427531

  


