crate0:
  height: 0.18032419116968293
  length: 0.41843332286080026
  origin:
    x: -0.017410961958436173
    y: 0.9173044455470668
    z: -0.08756071355831209
  thickness: 0.018992252809522506
  width: 0.5953901923244669
