kinematics:
  shoulder:
    x: 0
    y: 0
    z: 0.1521091709022696
    roll: -0
    pitch: 0
    yaw: 2.782278873789402e-05
  upper_arm:
    x: 2.05464207446046e-05
    y: 0
    z: 0
    roll: 1.57325179896412
    pitch: 0
    yaw: -8.673017983632559e-05
  forearm:
    x: -0.2435496948462348
    y: 0
    z: 0
    roll: 0.002317790794392746
    pitch: -0.0006848465012616228
    yaw: -7.22043562399341e-06
  wrist_1:
    x: -0.2132314109881479
    y: -0.0009730319054636929
    z: 0.1122615350648386
    roll: 0.00866732794296836
    pitch: 0.0006998741055986798
    yaw: 9.541364048370613e-05
  wrist_2:
    x: 8.779379327681257e-05
    y: -0.08534336481549885
    z: -4.016425705210574e-05
    roll: 1.571266946323125
    pitch: 0
    yaw: 3.532736900207276e-05
  wrist_3:
    x: -2.529792808784936e-05
    y: 0.08226240635402282
    z: -2.771550112330571e-05
    roll: 1.570459411048044
    pitch: 3.141592653589793
    yaw: 3.14153733581502
  hash: calib_17858290646305835381