#Camera Information
dimensions:
  length: 0.111
  width: 0.0311
  height: 0.047

#obtained after calibration procedure, with respect to base link
cam1_coords:
  x: -0.03231485102594345
  y: 1.6898308194072502
  z: 0.7765907427328099

#currently obtained through geometry, must be confirmed with calibration
cam2_coords:
  x: -0.0835
  y: 0.0
  z: 0.0
